# This file may be used to create an environment using:
# $ conda create --name <env> --file <this file>
# platform: linux-64
_libgcc_mutex=0.1=conda_forge
_openmp_mutex=4.5=2_gnu
aioeasywebdav=2.2.0=py35_0
aiohttp=2.1.0=py35_0
appdirs=1.4.3=py35_0
asn1crypto=0.22.0=py35_0
async-timeout=1.2.1=py35_0
bcftools=1.9=h68d8f2e_9
bioawk=1.0=he4a0461_10
blas=1.0=mkl
boto3=1.4.5=py35_0
botocore=1.5.92=py35_0
bzip2=1.0.6=3
ca-certificates=2024.2.2=hbcca054_0
cachetools=3.1.1=py_0
cairo=1.14.8=0
certifi=2016.2.28=py35_0
cffi=1.10.0=py35_0
chardet=3.0.4=py35_0
configargparse=0.12.0=py35_0
cryptography=1.8.1=py35_0
curl=7.64.0=h646f8bb_0
datrie=0.7.1=py35_0
decorator=5.1.1=pyhd8ed1ab_0
docutils=0.14=py35_0
dropbox=7.3.1=py35_0
expat=2.1.0=0
filechunkio=1.6=py35_0
fontconfig=2.12.1=3
freetype=2.5.5=2
ftputil=3.2=py35_0
gitdb2=2.0.0=py35_0
gitpython=2.1.3=py35_0
glib=2.50.2=1
google-auth=1.7.1=py_0
google-auth-httplib2=0.0.4=pyh9f0ad1d_0
google-cloud-core=0.24.1=py35_0
google-cloud-storage=1.1.1=py35_0
google-resumable-media=0.0.2=py35_0
googleapis-common-protos=1.5.9=1
graphviz=2.38.0=5
gsl=2.5=h294904e_1
harfbuzz=0.9.39=2
htslib=1.9=h57f8fdf_0
httplib2=0.20.4=pyhd8ed1ab_0
idna=2.6=py35_0
importlib-metadata=2.0.0=py_1
jbig=2.1=0
jinja2=2.9.6=py35_0
jmespath=0.9.0=py35_0
jpeg=9b=0
jsonschema=2.6.0=py35_0
krb5=1.16.3=hc83ff2d_1000
libblas=3.9.0=1_h86c2bf4_netlib
libcblas=3.9.0=5_h92ddd45_netlib
libcurl=7.64.0=h01ee5af_0
libdeflate=1.2=h516909a_1
libedit=3.1.20191231=he28a2e2_2
libffi=3.2.1=1
libgcc-ng=13.2.0=h807b86a_5
libgfortran-ng=13.2.0=h69a702a_5
libgfortran5=13.2.0=ha4646dd_5
libgomp=13.2.0=h807b86a_5
libiconv=1.14=0
libpng=1.6.30=1
libprotobuf=3.4.0=0
libssh2=1.8.0=0
libstdcxx-ng=13.2.0=h7e041cc_5
libtiff=4.0.6=3
libtool=2.4.2=0
libxcrypt=4.4.36=hd590300_1
libxml2=2.9.4=0
libzlib=1.2.13=hd590300_5
markupsafe=1.0=py35_0
mkl=2017.0.3=0
more-itertools=3.2.0=py35_0
multidict=2.1.6=py35_0
ncurses=6.4.20240210=h59595ed_0
networkx=2.4=py_1
numpy=1.13.1=py35_0
openssl=1.0.2u=h516909a_0
packaging=16.8=py35_0
pandas=0.20.3=py35_0
pango=1.40.3=1
parallel=20170422=pl5.22.0_0
paramiko=2.1.2=py35_0
pcre=8.39=1
perl=5.22.0.1=0
pip=9.0.1=py35_1
pixman=0.34.0=0
prettytable=2.5.0=pyhd8ed1ab_0
protobuf=3.4.0=py35_0
psutil=5.2.2=py35_0
pyasn1=0.4.8=py_0
pyasn1-modules=0.2.7=py_0
pycparser=2.18=py35_0
pygraphviz=1.3.1=py35_0
pyparsing=2.4.7=pyh9f0ad1d_0
pysftp=0.2.9=py35_0
python=3.5.5=h5001a0f_2
python-dateutil=2.6.1=py35_0
python-irodsclient=0.8.2=pyh44b312d_0
pytz=2017.2=py35_0
pyyaml=3.12=py35_0
ratelimiter=1.2.0=pyhd8ed1ab_1003
readline=7.0=hf8c457e_1001
requests=2.14.2=py35_0
rsa=3.1.4=py35_0
s3transfer=0.1.10=py35_0
setuptools=36.4.0=py35_1
six=1.10.0=py35_0
smmap2=2.0.1=py35_0
snakemake=5.4.5=0
snakemake-minimal=5.4.5=py_0
sqlite=3.28.0=h8b20d00_0
tk=8.6.13=noxft_h4845f30_101
urllib3=1.12=py35_0
wcwidth=0.1.7=py35_0
wheel=0.29.0=py35_0
wrapt=1.10.11=py35_0
xmlrunner=1.7.7=py_0
xz=5.2.3=0
yaml=0.1.6=0
yarl=0.10.3=py35_0
zipp=1.0.0=py_0
zlib=1.2.13=hd590300_5
